Date TempAvgFHumidity AvgPercent VisibilityAvgMiles WindAvgMPH DailyIncome
2013-12-21,60.0,75.0,7.0,4.0,47.5
2013-12-22,48.0,68.0,10.0,6.0,41.2
2013-12-23,45.0,52.0,10.0,3.0,36.2
2013-12-24,46.0,56.0,10.0,4.0,37.6
2013-12-25,50.0,71.0,10.0,2.0,42.4
2013-12-26,48.0,63.0,9.0,3.0,39.6
2013-12-27,53.0,65.0,9.0,1.0,42.3
2013-12-28,51.0,64.0,10.0,2.0,41.5
2013-12-29,50.0,76.0,10.0,5.0,43.7
2013-12-30,40.0,60.0,10.0,5.0,35.5
2013-12-31,46.0,54.0,10.0,1.0,36.9
2014-01-01,54.0,68.0,10.0,4.0,44.0
2014-01-02,44.0,55.0,10.0,8.0,36.8
2014-01-03,43.0,49.0,10.0,4.0,34.7
2014-01-04,57.0,68.0,10.0,7.0,45.8
2014-01-05,47.0,59.0,10.0,10.0,39.3
2014-01-06,29.0,38.0,10.0,7.0,25.8
2014-01-07,35.0,43.0,10.0,5.0,29.6
2014-01-08,47.0,75.0,2.0,1.0,39.2
2014-01-09,62.0,80.0,4.0,3.0,48.5
2014-01-10,65.0,81.0,8.0,6.0,51.7
2014-01-11,62.0,53.0,9.0,3.0,44.6
2014-01-12,57.0,68.0,10.0,4.0,45.5
2014-01-13,57.0,51.0,9.0,7.0,42.1
2014-01-14,57.0,41.0,10.0,5.0,40.2
2014-01-15,52.0,35.0,10.0,4.0,36.4
2014-01-16,56.0,38.0,10.0,4.0,39.0
2014-01-17,54.0,31.0,10.0,5.0,36.7
2014-01-18,54.0,45.0,10.0,2.0,39.2
2014-01-19,59.0,39.0,10.0,3.0,40.6
2014-01-20,64.0,44.0,10.0,5.0,44.3
2014-01-21,51.0,39.0,10.0,6.0,36.9
2014-01-22,54.0,45.0,10.0,4.0,39.4
2014-01-23,42.0,64.0,8.0,9.0,37.1
2014-01-24,33.0,60.0,9.0,5.0,31.7
2014-01-25,48.0,53.0,10.0,1.0,37.7
2014-01-26,60.0,52.0,10.0,3.0,43.7
2014-01-27,47.0,44.0,10.0,9.0,36.2
2014-01-28,33.0,48.0,10.0,6.0,29.7
2014-01-29,38.0,42.0,10.0,5.0,30.9
2014-01-30,48.0,64.0,10.0,7.0,40.5
2014-01-31,68.0,64.0,10.0,9.0,50.7
2014-02-01,66.0,71.0,10.0,6.0,50.8
2014-02-02,45.0,69.0,8.0,11.0,39.8
2014-02-03,40.0,74.0,6.0,6.0,37.2
2014-02-04,53.0,68.0,6.0,2.0,42.1
2014-02-05,40.0,60.0,10.0,10.0,36.0
2014-02-06,29.0,54.0,10.0,8.0,29.1
2014-02-07,34.0,68.0,7.0,3.0,33.0
2014-02-08,51.0,63.0,7.0,5.0,40.7
2014-02-09,59.0,70.0,5.0,4.0,45.4
2014-02-10,48.0,74.0,8.0,9.0,42.1
2014-02-11,35.0,80.0,5.0,9.0,35.9
2014-02-12,45.0,57.0,9.0,5.0,37.1
2014-02-13,51.0,58.0,10.0,4.0,40.5
2014-02-14,67.0,51.0,10.0,6.0,47.3
2014-02-15,59.0,43.0,10.0,5.0,41.6
2014-02-16,68.0,74.0,5.0,5.0,50.8
2014-02-17,70.0,52.0,8.0,5.0,48.3
2014-02-18,69.0,55.0,10.0,4.0,48.9
2014-02-19,73.0,70.0,9.0,7.0,53.9
2014-02-20,70.0,48.0,9.0,8.0,48.1
2014-02-21,57.0,43.0,10.0,5.0,40.6
2014-02-22,63.0,53.0,10.0,6.0,45.7
2014-02-23,74.0,57.0,10.0,4.0,51.8
2014-02-24,66.0,65.0,9.0,4.0,49.1
2014-02-25,62.0,85.0,4.0,5.0,49.7
2014-02-26,44.0,63.0,8.0,8.0,37.8
2014-02-27,45.0,56.0,10.0,3.0,37.0
2014-02-28,62.0,60.0,10.0,6.0,46.6
2014-03-01,68.0,74.0,7.0,5.0,51.4
2014-03-02,51.0,79.0,8.0,10.0,44.7
2014-03-03,36.0,56.0,9.0,10.0,32.9
2014-03-04,40.0,72.0,8.0,4.0,37.2
2014-03-05,46.0,76.0,7.0,3.0,40.6
2014-03-06,54.0,62.0,8.0,4.0,42.2
2014-03-07,53.0,65.0,9.0,6.0,42.8
2014-03-08,52.0,88.0,3.0,4.0,44.9
2014-03-09,49.0,71.0,9.0,5.0,41.9
2014-03-10,61.0,69.0,9.0,3.0,47.3
2014-03-11,70.0,66.0,9.0,5.0,51.4
2014-03-12,60.0,36.0,10.0,11.0,41.3
2014-03-13,52.0,35.0,10.0,4.0,36.4
2014-03-14,62.0,68.0,10.0,5.0,48.1
2014-03-15,68.0,81.0,5.0,4.0,52.1
2014-03-16,56.0,66.0,10.0,11.0,45.3
2014-03-17,55.0,36.0,10.0,6.0,38.3
2014-03-18,65.0,49.0,10.0,8.0,46.1
2014-03-19,62.0,52.0,9.0,6.0,44.7
2014-03-20,59.0,52.0,10.0,2.0,43.1
2014-03-21,67.0,69.0,8.0,7.0,50.4
2014-03-22,69.0,80.0,7.0,4.0,53.0
2014-03-23,54.0,62.0,10.0,9.0,43.3
2014-03-24,58.0,58.0,10.0,3.0,43.9
2014-03-25,57.0,61.0,10.0,5.0,44.2
2014-03-26,60.0,57.0,10.0,10.0,45.4
2014-03-27,72.0,78.0,7.0,8.0,54.5
2014-03-28,76.0,64.0,8.0,5.0,53.7
2014-03-29,64.0,43.0,10.0,5.0,44.1
2014-03-30,62.0,56.0,10.0,8.0,46.0
2014-03-31,73.0,65.0,10.0,9.0,53.4
2014-04-01,76.0,71.0,8.0,8.0,55.4
2014-04-02,76.0,78.0,9.0,9.0,57.2
2014-04-03,77.0,74.0,8.0,7.0,56.4
2014-04-04,64.0,58.0,10.0,8.0,47.4
2014-04-05,60.0,48.0,10.0,4.0,43.0
2014-04-06,57.0,76.0,7.0,5.0,46.3
2014-04-07,62.0,69.0,9.0,3.0,47.8
2014-04-08,64.0,57.0,10.0,8.0,47.2
2014-04-09,65.0,51.0,10.0,6.0,46.3
2014-04-10,72.0,59.0,10.0,10.0,51.8
2014-04-11,73.0,65.0,10.0,8.0,53.3
2014-04-12,75.0,66.0,10.0,10.0,54.7
2014-04-13,73.0,79.0,9.0,7.0,55.7
2014-04-14,58.0,65.0,8.0,10.0,45.4
2014-04-15,52.0,39.0,10.0,4.0,37.2
2014-04-16,57.0,56.0,10.0,7.0,43.4
2014-04-17,62.0,85.0,7.0,4.0,50.5
2014-04-18,69.0,68.0,6.0,2.0,50.1
2014-04-19,66.0,68.0,9.0,5.0,49.8
2014-04-20,68.0,77.0,8.0,6.0,52.4
2014-04-21,74.0,72.0,9.0,5.0,54.6
2014-04-22,75.0,61.0,10.0,3.0,53.0
2014-04-23,73.0,68.0,10.0,7.0,53.8
2014-04-24,78.0,63.0,10.0,5.0,55.1
2014-04-25,76.0,51.0,10.0,6.0,51.8
2014-04-26,77.0,73.0,6.0,8.0,55.7
2014-04-27,85.0,51.0,6.0,6.0,55.1
2014-04-28,80.0,39.0,10.0,4.0,51.2
2014-04-29,72.0,36.0,10.0,7.0,46.9
2014-04-30,66.0,32.0,10.0,6.0,43.0
2014-05-01,65.0,39.0,10.0,3.0,43.6
2014-05-02,70.0,33.0,10.0,3.0,44.9
2014-05-03,76.0,27.0,10.0,4.0,46.8
2014-05-04,76.0,27.0,10.0,7.0,47.1
2014-05-05,76.0,61.0,10.0,8.0,54.0
2014-05-06,76.0,66.0,10.0,9.0,55.1
2014-05-07,79.0,65.0,10.0,9.0,56.4
2014-05-08,79.0,75.0,6.0,8.0,57.1
2014-05-09,76.0,69.0,5.0,5.0,53.8
2014-05-10,76.0,71.0,10.0,6.0,55.8
2014-05-11,83.0,63.0,9.0,10.0,57.8
2014-05-12,72.0,87.0,5.0,7.0,55.6
2014-05-13,61.0,73.0,8.0,8.0,48.3
2014-05-14,64.0,57.0,10.0,7.0,47.1
2014-05-15,65.0,55.0,10.0,3.0,46.8
2014-05-16,74.0,40.0,10.0,7.0,48.7
2014-05-17,73.0,58.0,10.0,9.0,52.0
2014-05-18,74.0,67.0,10.0,8.0,54.2
2014-05-19,76.0,65.0,10.0,10.0,55.0
2014-05-20,78.0,63.0,10.0,9.0,55.5
2014-05-21,80.0,61.0,10.0,8.0,56.0
2014-05-22,79.0,70.0,10.0,7.0,57.2
2014-05-23,78.0,69.0,8.0,6.0,55.8
2014-05-24,78.0,79.0,9.0,7.0,58.2
2014-05-25,80.0,66.0,10.0,6.0,56.8
2014-05-26,70.0,83.0,8.0,5.0,54.5
2014-05-27,68.0,86.0,6.0,3.0,53.3
2014-05-28,76.0,74.0,7.0,4.0,55.3
2014-05-29,78.0,66.0,10.0,2.0,55.4
2014-05-30,81.0,60.0,10.0,3.0,55.8
2014-05-31,82.0,63.0,10.0,3.0,56.9
2014-06-01,80.0,69.0,8.0,4.0,56.6
2014-06-02,83.0,67.0,10.0,7.0,58.6
2014-06-03,83.0,67.0,10.0,6.0,58.5
2014-06-04,83.0,70.0,10.0,7.0,59.2
2014-06-05,83.0,72.0,10.0,7.0,59.6
2014-06-06,83.0,70.0,10.0,7.0,59.2
2014-06-07,83.0,71.0,10.0,7.0,59.4
2014-06-08,83.0,67.0,10.0,7.0,58.6
2014-06-09,77.0,78.0,8.0,4.0,56.9
2014-06-10,78.0,64.0,10.0,3.0,55.1
2014-06-11,80.0,64.0,10.0,5.0,56.3
2014-06-12,80.0,68.0,9.0,8.0,57.1
2014-06-13,79.0,75.0,-,4.0,57.9
2014-06-14,92.0,77.0,-,6.0,65.0
2014-06-15,83.0,-,-,9.0,56.2
2014-06-16,84.0,72.0,-,8.0,60.2
2014-06-17,84.0,69.0,10.0,9.0,59.7
2014-06-18,85.0,68.0,9.0,9.0,59.7
2014-06-19,84.0,68.0,10.0,6.0,59.2
2014-06-20,83.0,69.0,10.0,5.0,58.8
2014-06-21,84.0,72.0,10.0,6.0,60.0
2014-06-22,83.0,70.0,9.0,8.0,59.0
2014-06-23,78.0,75.0,8.0,4.0,56.8
2014-06-24,84.0,72.0,9.0,4.0,59.5
2014-06-25,80.0,77.0,8.0,5.0,58.3
2014-06-26,80.0,76.0,10.0,7.0,58.9
2014-06-27,83.0,69.0,10.0,8.0,59.1
2014-06-28,86.0,69.0,10.0,9.0,60.7
2014-06-29,86.0,69.0,9.0,9.0,60.4
2014-06-30,87.0,64.0,9.0,8.0,59.8
2014-07-01,86.0,64.0,10.0,6.0,59.4
2014-07-02,85.0,64.0,10.0,4.0,58.7
2014-07-03,84.0,62.0,10.0,3.0,57.7
2014-07-04,82.0,67.0,10.0,4.0,57.8
2014-07-05,82.0,70.0,10.0,4.0,58.4
2014-07-06,84.0,72.0,8.0,5.0,59.3
2014-07-07,85.0,61.0,10.0,5.0,58.2
2014-07-08,86.0,63.0,10.0,7.0,59.3
2014-07-09,85.0,59.0,10.0,6.0,57.9
2014-07-10,84.0,64.0,10.0,5.0,58.3
2014-07-11,83.0,60.0,10.0,5.0,57.0
2014-07-12,85.0,59.0,9.0,4.0,57.4
2014-07-13,87.0,63.0,10.0,4.0,59.5
2014-07-14,88.0,55.0,10.0,4.0,58.4
2014-07-15,83.0,71.0,10.0,3.0,59.0
2014-07-16,84.0,68.0,8.0,4.0,58.4
2014-07-17,82.0,77.0,7.0,5.0,59.0
2014-07-18,75.0,87.0,7.0,3.0,57.3
2014-07-19,78.0,76.0,9.0,2.0,57.1
2014-07-20,84.0,73.0,9.0,4.0,59.7
2014-07-21,87.0,70.0,9.0,6.0,60.8
2014-07-22,86.0,68.0,10.0,2.0,59.8
2014-07-23,86.0,66.0,9.0,3.0,59.2
2014-07-24,84.0,70.0,8.0,3.0,58.7
2014-07-25,86.0,63.0,10.0,5.0,59.1
2014-07-26,87.0,66.0,10.0,6.0,60.3
2014-07-27,87.0,64.0,10.0,6.0,59.9
2014-07-28,87.0,62.0,10.0,3.0,59.2
2014-07-29,87.0,63.0,10.0,4.0,59.5
2014-07-30,86.0,60.0,10.0,6.0,58.6
2014-07-31,87.0,64.0,10.0,4.0,59.7
2014-08-01,82.0,59.0,10.0,5.0,56.3
2014-08-02,79.0,70.0,10.0,3.0,56.8
2014-08-03,83.0,62.0,10.0,4.0,57.3
2014-08-04,83.0,66.0,9.0,3.0,57.7
2014-08-05,85.0,61.0,10.0,3.0,58.0
2014-08-06,88.0,64.0,10.0,5.0,60.3
2014-08-07,90.0,59.0,8.0,6.0,59.8
2014-08-08,89.0,60.0,10.0,6.0,60.1
2014-08-09,89.0,60.0,10.0,5.0,60.0
2014-08-10,89.0,58.0,10.0,4.0,59.5
2014-08-11,89.0,62.0,10.0,3.0,60.2
2014-08-12,87.0,62.0,10.0,4.0,59.3
2014-08-13,83.0,45.0,10.0,4.0,53.9
2014-08-14,84.0,50.0,10.0,4.0,55.4
2014-08-15,88.0,58.0,10.0,5.0,59.1
2014-08-16,91.0,57.0,10.0,7.0,60.6
2014-08-17,90.0,56.0,10.0,6.0,59.8
2014-08-18,90.0,59.0,10.0,7.0,60.5
2014-08-19,87.0,55.0,10.0,7.0,58.2
2014-08-20,90.0,57.0,10.0,8.0,60.2
2014-08-21,92.0,55.0,10.0,9.0,60.9
2014-08-22,91.0,55.0,10.0,8.0,60.3
2014-08-23,88.0,62.0,10.0,6.0,60.0
2014-08-24,89.0,59.0,10.0,5.0,59.8
2014-08-25,89.0,59.0,10.0,5.0,59.8
2014-08-26,89.0,52.0,10.0,4.0,58.3
2014-08-27,87.0,58.0,10.0,4.0,58.5
2014-08-28,88.0,61.0,10.0,5.0,59.7
2014-08-29,87.0,64.0,10.0,5.0,59.8
2014-08-30,85.0,69.0,10.0,4.0,59.7
2014-08-31,87.0,68.0,10.0,7.0,60.8
2014-09-01,90.0,62.0,10.0,8.0,61.2
2014-09-02,88.0,66.0,10.0,8.0,61.0
2014-09-03,88.0,61.0,10.0,6.0,59.8
2014-09-04,86.0,65.0,8.0,5.0,58.9
2014-09-05,87.0,63.0,10.0,4.0,59.5
2014-09-06,86.0,67.0,10.0,3.0,59.7
2014-09-07,82.0,78.0,8.0,3.0,59.3
2014-09-08,84.0,70.0,10.0,3.0,59.3
2014-09-09,86.0,63.0,10.0,6.0,59.2
2014-09-10,88.0,63.0,10.0,7.0,60.3
2014-09-11,89.0,60.0,10.0,5.0,60.0
2014-09-12,81.0,67.0,9.0,5.0,57.1
2014-09-13,63.0,92.0,5.0,5.0,51.9
2014-09-14,71.0,87.0,8.0,2.0,55.5
2014-09-15,79.0,76.0,9.0,2.0,57.6
2014-09-16,84.0,70.0,10.0,3.0,59.3
2014-09-17,83.0,75.0,9.0,3.0,59.5
2014-09-18,81.0,78.0,7.0,2.0,58.4
2014-09-19,80.0,85.0,8.0,3.0,59.7
2014-09-20,82.0,78.0,9.0,3.0,59.6
2014-09-21,81.0,71.0,10.0,3.0,58.0
2014-09-22,81.0,69.0,10.0,4.0,57.7
2014-09-23,76.0,57.0,10.0,3.0,52.7
2014-09-24,72.0,64.0,10.0,2.0,52.0
2014-09-25,73.0,74.0,10.0,3.0,54.6
2014-09-26,76.0,71.0,10.0,3.0,55.5
2014-09-27,74.0,78.0,10.0,2.0,55.8
2014-09-28,77.0,72.0,8.0,3.0,55.6
2014-09-29,78.0,68.0,10.0,2.0,55.8
2014-09-30,78.0,70.0,10.0,2.0,56.2
2014-10-01,84.0,68.0,10.0,5.0,59.1
2014-10-02,84.0,72.0,9.0,7.0,59.8
2014-10-03,75.0,44.0,10.0,7.0,50.0
2014-10-04,70.0,51.0,10.0,4.0,48.6
2014-10-05,75.0,69.0,10.0,6.0,54.9
2014-10-06,81.0,73.0,10.0,6.0,58.7
2014-10-07,83.0,67.0,9.0,5.0,58.1
2014-10-08,82.0,70.0,10.0,6.0,58.6
2014-10-09,84.0,69.0,10.0,7.0,59.5
2014-10-10,84.0,66.0,10.0,7.0,58.9
2014-10-11,69.0,85.0,7.0,5.0,54.1
2014-10-12,69.0,86.0,9.0,2.0,54.6
2014-10-13,69.0,63.0,10.0,10.0,51.1
2014-10-14,66.0,49.0,10.0,5.0,46.3
2014-10-15,72.0,46.0,10.0,2.0,48.4
2014-10-16,72.0,50.0,10.0,4.0,49.4
2014-10-17,74.0,69.0,10.0,3.0,54.1
2014-10-18,76.0,67.0,10.0,2.0,54.6
2014-10-19,74.0,74.0,10.0,2.0,55.0
2014-10-20,73.0,73.0,9.0,2.0,54.0
2014-10-21,71.0,61.0,9.0,3.0,50.7
2014-10-22,72.0,67.0,10.0,2.0,52.6
2014-10-23,75.0,64.0,10.0,2.0,53.5
2014-10-24,73.0,64.0,10.0,2.0,52.5
2014-10-25,75.0,62.0,10.0,2.0,53.1
2014-10-26,74.0,62.0,10.0,4.0,52.8
2014-10-27,74.0,67.0,10.0,6.0,54.0
2014-10-28,75.0,74.0,10.0,2.0,55.5
2014-10-29,73.0,68.0,10.0,3.0,53.4
2014-10-30,73.0,72.0,10.0,2.0,54.1
2014-10-31,66.0,60.0,9.0,7.0,48.4
2014-11-01,58.0,54.0,10.0,5.0,43.3
2014-11-02,62.0,61.0,10.0,6.0,46.8
2014-11-03,68.0,72.0,10.0,6.0,52.0
2014-11-04,67.0,87.0,8.0,5.0,53.8
2014-11-05,57.0,97.0,6.0,6.0,50.3
2014-11-06,59.0,75.0,10.0,4.0,47.9
2014-11-07,60.0,53.0,10.0,2.0,43.8
2014-11-08,62.0,67.0,10.0,4.0,47.8
2014-11-09,61.0,59.0,10.0,3.0,45.6
2014-11-10,63.0,70.0,10.0,6.0,49.1
2014-11-11,54.0,67.0,10.0,7.0,44.1
2014-11-12,44.0,50.0,10.0,9.0,35.9
2014-11-13,36.0,43.0,10.0,8.0,30.4
2014-11-14,38.0,44.0,10.0,3.0,31.1
2014-11-15,44.0,72.0,5.0,4.0,38.3
2014-11-16,42.0,91.0,4.0,6.0,41.0
2014-11-17,42.0,52.0,10.0,6.0,35.0
2014-11-18,43.0,51.0,10.0,2.0,34.9
2014-11-19,51.0,64.0,10.0,3.0,41.6
2014-11-20,57.0,85.0,8.0,3.0,48.2
2014-11-21,68.0,90.0,6.0,5.0,54.3
2014-11-22,63.0,97.0,6.0,7.0,53.4
2014-11-23,67.0,62.0,10.0,5.0,49.4
2014-11-24,53.0,47.0,10.0,5.0,39.4
2014-11-25,53.0,53.0,10.0,3.0,40.4
2014-11-26,60.0,40.0,10.0,3.0,41.3
2014-11-27,53.0,52.0,10.0,4.0,40.3
2014-11-28,57.0,62.0,10.0,4.0,44.3
2014-11-29,65.0,75.0,10.0,7.0,51.2
2014-11-30,72.0,71.0,10.0,7.0,53.9
2014-12-01,54.0,69.0,10.0,6.0,44.4
2014-12-02,45.0,63.0,10.0,4.0,38.5
2014-12-03,54.0,88.0,7.0,1.0,46.8
2014-12-04,62.0,94.0,3.0,3.0,51.0
2014-12-05,69.0,82.0,8.0,5.0,53.8
2014-12-06,62.0,72.0,10.0,6.0,49.0
2014-12-07,54.0,83.0,10.0,4.0,47.0
2014-12-08,58.0,69.0,10.0,3.0,46.1
2014-12-09,56.0,70.0,8.0,1.0,44.5
2014-12-10,57.0,75.0,9.0,1.0,46.3
2014-12-11,62.0,85.0,7.0,5.0,50.6
2014-12-12,65.0,78.0,10.0,5.0,51.6
2014-12-13,65.0,79.0,9.0,5.0,51.5
2014-12-14,68.0,82.0,9.0,6.0,53.7
2014-12-15,63.0,58.0,10.0,5.0,46.6
2014-12-16,55.0,47.0,10.0,5.0,40.4
2014-12-17,51.0,75.0,8.0,4.0,43.3
2014-12-18,55.0,92.0,4.0,3.0,47.4
2014-12-19,53.0,89.0,7.0,7.0,47.1
2014-12-20,52.0,82.0,9.0,3.0,45.4
2014-12-21,53.0,83.0,9.0,5.0,46.3
2014-12-22,67.0,63.0,10.0,5.0,49.6
2014-12-23,51.0,66.0,10.0,8.0,42.5
2014-12-24,46.0,62.0,10.0,6.0,39.0
2014-12-25,49.0,61.0,10.0,6.0,40.3
2014-12-26,64.0,83.0,9.0,5.0,51.8
2014-12-27,54.0,79.0,8.0,8.0,46.0
2014-12-28,40.0,71.0,10.0,4.0,37.6
2014-12-29,49.0,68.0,10.0,2.0,41.3
2014-12-30,43.0,87.0,6.0,6.0,41.3
2014-12-31,39.0,70.0,10.0,8.0,37.3
2015-01-01,37.0,82.0,3.0,5.0,36.3
2015-01-02,41.0,95.0,4.0,5.0,41.2
2015-01-03,51.0,74.0,8.0,3.0,43.0
2015-01-04,43.0,69.0,10.0,7.0,39.0
2015-01-05,41.0,54.0,10.0,4.0,34.7
2015-01-06,54.0,50.0,10.0,2.0,40.2
2015-01-07,41.0,54.0,10.0,9.0,35.2
2015-01-08,30.0,48.0,10.0,5.0,28.1
2015-01-09,36.0,62.0,10.0,6.0,34.0
2015-01-10,34.0,76.0,4.0,3.0,33.7
2015-01-11,42.0,90.0,7.0,3.0,41.4
2015-01-12,43.0,88.0,5.0,5.0,41.1
2015-01-13,39.0,83.0,7.0,7.0,38.9
2015-01-14,39.0,86.0,4.0,5.0,38.4
2015-01-15,49.0,68.0,9.0,4.0,41.2
2015-01-16,51.0,64.0,10.0,3.0,41.6
2015-01-17,54.0,63.0,10.0,3.0,42.9
2015-01-18,59.0,37.0,10.0,3.0,40.2
2015-01-19,56.0,59.0,10.0,3.0,43.1
2015-01-20,61.0,59.0,10.0,3.0,45.6
2015-01-21,53.0,84.0,5.0,6.0,45.4
2015-01-22,47.0,91.0,4.0,10.0,43.9
2015-01-23,45.0,77.0,8.0,6.0,40.9
2015-01-24,50.0,62.0,10.0,4.0,40.8
2015-01-25,57.0,53.0,10.0,6.0,42.7
2015-01-26,60.0,43.0,10.0,5.0,42.1
2015-01-27,67.0,47.0,10.0,6.0,46.5
2015-01-28,62.0,60.0,10.0,4.0,46.4
2015-01-29,66.0,68.0,10.0,4.0,50.0
2015-01-30,53.0,52.0,10.0,6.0,40.5
2015-01-31,56.0,80.0,5.0,4.0,45.9
2015-02-01,59.0,77.0,8.0,7.0,48.0
2015-02-02,41.0,48.0,10.0,6.0,33.7
2015-02-03,42.0,76.0,6.0,2.0,38.2
2015-02-04,49.0,92.0,5.0,2.0,44.6
2015-02-05,45.0,77.0,10.0,7.0,41.6
2015-02-06,49.0,69.0,10.0,3.0,41.6
2015-02-07,55.0,71.0,8.0,5.0,44.6
2015-02-08,68.0,72.0,10.0,6.0,52.0
2015-02-09,68.0,49.0,10.0,3.0,47.1
2015-02-10,64.0,57.0,10.0,4.0,46.8
2015-02-11,65.0,64.0,7.0,5.0,47.9
2015-02-12,53.0,51.0,10.0,7.0,40.4
2015-02-13,55.0,58.0,10.0,2.0,42.3
2015-02-14,63.0,60.0,10.0,3.0,46.8
2015-02-15,63.0,80.0,10.0,5.0,51.0
2015-02-16,51.0,79.0,8.0,9.0,44.6
2015-02-17,45.0,59.0,10.0,7.0,38.0
2015-02-18,49.0,56.0,10.0,4.0,39.1
2015-02-19,54.0,61.0,10.0,5.0,42.7
2015-02-20,65.0,72.0,10.0,9.0,50.8
2015-02-21,67.0,69.0,10.0,6.0,50.9
2015-02-22,47.0,80.0,8.0,7.0,42.6
2015-02-23,34.0,87.0,7.0,9.0,37.4
2015-02-24,34.0,84.0,8.0,4.0,36.6
2015-02-25,49.0,64.0,8.0,3.0,40.0
2015-02-26,43.0,74.0,10.0,7.0,40.0
2015-02-27,34.0,72.0,8.0,7.0,34.5
2015-02-28,34.0,93.0,5.0,5.0,37.6
2015-03-01,39.0,95.0,4.0,6.0,40.3
2015-03-02,42.0,95.0,5.0,4.0,41.9
2015-03-03,52.0,95.0,2.0,1.0,45.7
2015-03-04,52.0,95.0,4.0,6.0,46.8
2015-03-05,39.0,61.0,9.0,10.0,35.4
2015-03-06,42.0,54.0,10.0,2.0,35.0
2015-03-07,49.0,56.0,10.0,2.0,38.9
2015-03-08,51.0,69.0,3.0,3.0,40.5
2015-03-09,52.0,97.0,5.0,4.0,47.3
2015-03-10,57.0,78.0,10.0,4.0,47.5
2015-03-11,57.0,79.0,10.0,6.0,47.9
2015-03-12,63.0,73.0,10.0,5.0,49.6
2015-03-13,66.0,68.0,8.0,3.0,49.3
2015-03-14,66.0,61.0,10.0,6.0,48.8
2015-03-15,60.0,72.0,10.0,3.0,47.7
2015-03-16,65.0,73.0,9.0,3.0,50.1
2015-03-17,70.0,82.0,8.0,3.0,54.1
2015-03-18,71.0,74.0,10.0,4.0,53.7
2015-03-19,73.0,79.0,8.0,5.0,55.2
2015-03-20,64.0,89.0,6.0,4.0,52.0
2015-03-21,58.0,95.0,7.0,4.0,50.5
2015-03-22,68.0,75.0,10.0,4.0,52.4
2015-03-23,66.0,73.0,10.0,3.0,50.9
2015-03-24,71.0,72.0,10.0,7.0,53.6
2015-03-25,73.0,72.0,10.0,8.0,54.7
2015-03-26,62.0,62.0,9.0,10.0,47.1
2015-03-27,64.0,44.0,10.0,4.0,44.2
2015-03-28,66.0,54.0,10.0,5.0,47.3
2015-03-29,71.0,67.0,10.0,8.0,52.7
2015-03-30,72.0,76.0,10.0,5.0,54.7
2015-03-31,74.0,74.0,10.0,7.0,55.5
2015-04-01,76.0,71.0,9.0,7.0,55.6
2015-04-02,76.0,76.0,8.0,8.0,56.4
2015-04-03,76.0,67.0,8.0,7.0,54.5
2015-04-04,63.0,53.0,10.0,8.0,45.9
2015-04-05,64.0,78.0,5.0,4.0,49.5
2015-04-06,75.0,76.0,8.0,7.0,55.8
2015-04-07,78.0,71.0,10.0,8.0,57.0
2015-04-08,74.0,81.0,9.0,8.0,56.7
2015-04-09,79.0,73.0,9.0,7.0,57.5
2015-04-10,65.0,70.0,10.0,5.0,50.0
2015-04-11,65.0,86.0,5.0,3.0,51.5
2015-04-12,75.0,81.0,5.0,5.0,55.7
2015-04-13,76.0,67.0,8.0,4.0,54.2
2015-04-14,67.0,67.0,10.0,6.0,50.5
2015-04-15,69.0,69.0,10.0,4.0,51.7
2015-04-16,74.0,78.0,9.0,4.0,55.7
2015-04-17,71.0,81.0,8.0,4.0,54.5
2015-04-18,66.0,82.0,8.0,4.0,52.2
2015-04-19,73.0,60.0,7.0,6.0,51.2
2015-04-20,64.0,48.0,10.0,6.0,45.2
2015-04-21,66.0,66.0,10.0,5.0,49.7
2015-04-22,74.0,79.0,10.0,7.0,56.5
2015-04-23,77.0,85.0,8.0,4.0,58.3
2015-04-24,77.0,85.0,6.0,5.0,57.8
2015-04-25,82.0,61.0,7.0,5.0,55.8
2015-04-26,78.0,77.0,8.0,8.0,57.6
2015-04-27,74.0,66.0,9.0,4.0,53.3
2015-04-28,59.0,74.0,10.0,8.0,48.1
2015-04-29,63.0,61.0,10.0,5.0,47.2
2015-04-30,67.0,60.0,10.0,3.0,48.8
2015-05-01,70.0,60.0,10.0,2.0,50.2
2015-05-02,71.0,58.0,10.0,4.0,50.5
2015-05-03,71.0,67.0,10.0,6.0,52.5
2015-05-04,75.0,71.0,10.0,8.0,55.5
2015-05-05,75.0,77.0,6.0,7.0,55.4
2015-05-06,79.0,74.0,8.0,8.0,57.5
2015-05-07,78.0,81.0,9.0,9.0,58.8
2015-05-08,76.0,88.0,5.0,6.0,57.7
2015-05-09,79.0,79.0,7.0,9.0,58.3
2015-05-10,82.0,71.0,9.0,10.0,58.9
2015-05-11,74.0,78.0,7.0,5.0,55.2
2015-05-12,67.0,91.0,8.0,5.0,54.6
2015-05-13,67.0,97.0,5.0,4.0,54.8
2015-05-14,78.0,83.0,6.0,5.0,57.9
2015-05-15,72.0,87.0,8.0,4.0,56.2
2015-05-16,77.0,79.0,9.0,9.0,57.9
2015-05-17,75.0,83.0,6.0,5.0,56.4
2015-05-18,81.0,77.0,9.0,5.0,59.1
2015-05-19,82.0,73.0,8.0,8.0,58.8
2015-05-20,81.0,75.0,8.0,5.0,58.4
2015-05-21,69.0,84.0,10.0,6.0,54.9
2015-05-22,70.0,91.0,6.0,4.0,55.4
2015-05-23,77.0,83.0,6.0,7.0,57.6
2015-05-24,73.0,81.0,10.0,6.0,56.3
2015-05-25,74.0,87.0,7.0,5.0,57.0
2015-05-26,78.0,80.0,6.0,6.0,57.4
2015-05-27,76.0,82.0,9.0,5.0,57.6
2015-05-28,78.0,80.0,8.0,6.0,58.0
2015-05-29,77.0,76.0,8.0,5.0,56.6
2015-05-30,79.0,74.0,10.0,2.0,57.5
2015-05-31,77.0,67.0,10.0,2.0,55.1
2015-06-01,76.0,70.0,10.0,2.0,55.2
2015-06-02,79.0,70.0,10.0,2.0,56.7
2015-06-03,78.0,69.0,10.0,5.0,56.3
2015-06-04,78.0,68.0,10.0,4.0,56.0
2015-06-05,80.0,72.0,10.0,4.0,57.8
2015-06-06,80.0,72.0,10.0,3.0,57.7
2015-06-07,81.0,71.0,10.0,4.0,58.1
2015-06-08,82.0,67.0,10.0,3.0,57.7
2015-06-09,84.0,60.0,10.0,3.0,57.3
2015-06-10,83.0,62.0,10.0,4.0,57.3
2015-06-11,84.0,71.0,10.0,7.0,59.9
2015-06-12,84.0,70.0,10.0,6.0,59.6
2015-06-13,85.0,70.0,10.0,7.0,60.2
2015-06-14,79.0,87.0,8.0,6.0,59.9
2015-06-15,82.0,78.0,9.0,4.0,59.7
2015-06-16,78.0,84.0,8.0,7.0,58.9
2015-06-17,81.0,83.0,7.0,5.0,59.7
2015-06-18,82.0,82.0,10.0,4.0,60.8
2015-06-19,78.0,87.0,8.0,1.0,58.9
2015-06-20,78.0,90.0,8.0,3.0,59.7
2015-06-21,79.0,85.0,7.0,4.0,59.0
2015-06-22,81.0,84.0,9.0,5.0,60.5
2015-06-23,84.0,73.0,10.0,5.0,60.1
2015-06-24,83.0,78.0,10.0,3.0,60.4
2015-06-25,83.0,76.0,10.0,4.0,60.1
2015-06-26,85.0,73.0,10.0,6.0,60.7
2015-06-27,83.0,75.0,10.0,1.0,59.6
2015-06-28,82.0,73.0,9.0,2.0,58.5
2015-06-29,84.0,75.0,9.0,5.0,60.2
2015-06-30,84.0,76.0,7.0,4.0,59.7
2015-07-01,81.0,78.0,10.0,4.0,59.5
2015-07-02,81.0,78.0,10.0,6.0,59.7
2015-07-03,84.0,69.0,9.0,6.0,59.1
2015-07-04,84.0,73.0,10.0,7.0,60.3
2015-07-05,84.0,75.0,10.0,7.0,60.7
2015-07-06,84.0,72.0,9.0,8.0,59.9
2015-07-07,85.0,71.0,10.0,8.0,60.5
2015-07-08,85.0,69.0,9.0,8.0,59.8
2015-07-09,85.0,65.0,9.0,8.0,59.0
2015-07-10,84.0,68.0,9.0,6.0,58.9
2015-07-11,83.0,69.0,10.0,5.0,58.8
2015-07-12,84.0,67.0,10.0,5.0,58.9
2015-07-13,86.0,69.0,10.0,5.0,60.3
2015-07-14,86.0,61.0,10.0,6.0,58.8
2015-07-15,85.0,64.0,10.0,6.0,58.9
2015-07-16,85.0,69.0,10.0,6.0,59.9
2015-07-17,86.0,66.0,10.0,7.0,59.9
2015-07-18,88.0,65.0,10.0,7.0,60.7
2015-07-19,87.0,65.0,10.0,6.0,60.1
2015-07-20,86.0,66.0,10.0,5.0,59.7
2015-07-21,86.0,66.0,10.0,6.0,59.8
2015-07-22,87.0,64.0,10.0,7.0,60.0
2015-07-23,88.0,62.0,10.0,7.0,60.1
2015-07-24,88.0,62.0,10.0,6.0,60.0
2015-07-25,87.0,66.0,10.0,5.0,60.2
2015-07-26,87.0,67.0,9.0,6.0,60.2
2015-07-27,89.0,62.0,9.0,6.0,60.2
2015-07-28,89.0,63.0,9.0,8.0,60.6
2015-07-29,89.0,61.0,10.0,6.0,60.3
2015-07-30,88.0,55.0,10.0,2.0,58.2
2015-07-31,90.0,52.0,10.0,4.0,58.8
2015-08-01,86.0,47.0,10.0,3.0,55.7
2015-08-02,88.0,48.0,10.0,3.0,56.9
2015-08-03,87.0,54.0,10.0,4.0,57.7
2015-08-04,89.0,62.0,10.0,6.0,60.5
2015-08-05,90.0,59.0,10.0,7.0,60.5
2015-08-06,90.0,59.0,10.0,7.0,60.5
2015-08-07,89.0,61.0,10.0,6.0,60.3
2015-08-08,90.0,66.0,10.0,10.0,62.2
2015-08-09,89.0,65.0,-,-,65.4
2015-08-10,90.0,62.0,-,6.0,61.0
2015-08-11,90.0,-,-,-,63.7
2015-08-12,92.0,43.0,10.0,3.0,57.9
2015-08-13,91.0,51.0,10.0,3.0,59.0
2015-08-14,90.0,58.0,10.0,4.0,60.0
2015-08-15,89.0,54.0,10.0,3.0,58.6
2015-08-16,87.0,58.0,10.0,4.0,58.5
2015-08-17,86.0,61.0,10.0,4.0,58.6
2015-08-18,88.0,62.0,10.0,7.0,60.1
2015-08-19,89.0,62.0,10.0,6.0,60.5
2015-08-20,79.0,78.0,8.0,4.0,57.9
2015-08-21,82.0,73.0,9.0,5.0,58.8
2015-08-22,87.0,65.0,10.0,6.0,60.1
2015-08-23,89.0,64.0,10.0,5.0,60.8
2015-08-24,89.0,58.0,10.0,2.0,59.3
2015-08-25,89.0,56.0,10.0,3.0,59.0
2015-08-26,86.0,62.0,10.0,3.0,58.7
2015-08-27,86.0,56.0,10.0,4.0,57.6
2015-08-28,85.0,50.0,10.0,4.0,55.9
2015-08-29,83.0,55.0,10.0,3.0,55.8
2015-08-30,86.0,55.0,10.0,3.0,57.3
2015-08-31,86.0,59.0,10.0,5.0,58.3
2015-09-01,84.0,64.0,10.0,5.0,58.3
2015-09-02,83.0,65.0,10.0,4.0,57.9
2015-09-03,84.0,64.0,10.0,3.0,58.1
2015-09-04,88.0,62.0,10.0,6.0,60.0
2015-09-05,90.0,62.0,10.0,7.0,61.1
2015-09-06,88.0,63.0,10.0,6.0,60.2
2015-09-07,88.0,61.0,10.0,6.0,59.8
2015-09-08,88.0,61.0,10.0,5.0,59.7
2015-09-09,84.0,74.0,8.0,3.0,59.5
2015-09-10,84.0,71.0,7.0,2.0,58.5
2015-09-11,84.0,72.0,8.0,3.0,59.1
2015-09-12,80.0,55.0,10.0,5.0,54.5
2015-09-13,77.0,49.0,10.0,4.0,51.7
2015-09-14,77.0,53.0,10.0,5.0,52.6
2015-09-15,84.0,67.0,10.0,5.0,58.9
2015-09-16,84.0,72.0,9.0,6.0,59.7
2015-09-17,86.0,67.0,10.0,6.0,60.0
2015-09-18,86.0,64.0,10.0,6.0,59.4
2015-09-19,85.0,60.0,10.0,3.0,57.8
2015-09-20,82.0,60.0,-,3.0,56.3
2015-09-21,84.0,57.0,-,4.0,56.8
2015-09-22,84.0,56.0,10.0,4.0,56.6
2015-09-23,81.0,58.0,10.0,2.0,55.3
2015-09-24,82.0,49.0,10.0,2.0,54.0
2015-09-25,84.0,58.0,10.0,2.0,56.8
2015-09-26,82.0,54.0,10.0,3.0,55.1
2015-09-27,81.0,50.0,10.0,2.0,53.7
2015-09-28,79.0,64.0,10.0,3.0,55.6
2015-09-29,81.0,63.0,10.0,2.0,56.3
2015-09-30,83.0,56.0,10.0,2.0,55.9
2015-10-01,82.0,52.0,9.0,4.0,54.5
2015-10-02,78.0,45.0,10.0,5.0,51.5
2015-10-03,72.0,40.0,10.0,3.0,47.3
2015-10-04,73.0,45.0,10.0,2.0,48.7
2015-10-05,76.0,45.0,10.0,2.0,50.2
2015-10-06,77.0,44.0,10.0,3.0,50.6
2015-10-07,77.0,54.0,10.0,3.0,52.6
2015-10-08,80.0,64.0,10.0,3.0,56.1
2015-10-09,80.0,62.0,10.0,2.0,55.6
2015-10-10,79.0,56.0,10.0,3.0,54.0
2015-10-11,80.0,55.0,10.0,4.0,54.4
2015-10-12,86.0,62.0,9.0,6.0,58.7
2015-10-13,79.0,45.0,10.0,5.0,52.0
2015-10-14,78.0,36.0,10.0,3.0,49.5
2015-10-15,79.0,55.0,10.0,4.0,53.9
2015-10-16,76.0,60.0,10.0,2.0,53.2
2015-10-17,75.0,46.0,10.0,4.0,50.1
2015-10-18,71.0,33.0,10.0,4.0,45.5
2015-10-19,70.0,46.0,10.0,4.0,47.6
2015-10-20,73.0,61.0,10.0,4.0,52.1
2015-10-21,79.0,71.0,10.0,8.0,57.5
2015-10-22,76.0,85.0,7.0,7.0,57.8
2015-10-23,76.0,91.0,7.0,6.0,58.9
2015-10-24,68.0,94.0,4.0,9.0,54.9
2015-10-25,61.0,89.0,8.0,9.0,51.6
2015-10-26,69.0,62.0,10.0,6.0,50.5
2015-10-27,71.0,61.0,10.0,3.0,51.0
2015-10-28,70.0,53.0,10.0,4.0,49.0
2015-10-29,66.0,66.0,10.0,4.0,49.6
2015-10-30,71.0,90.0,4.0,8.0,55.5
2015-10-31,71.0,82.0,8.0,4.0,54.7
2015-11-01,67.0,75.0,10.0,3.0,51.8
2015-11-02,68.0,75.0,5.0,3.0,50.8
2015-11-03,69.0,74.0,7.0,3.0,51.7
2015-11-04,70.0,82.0,9.0,5.0,54.6
2015-11-05,79.0,83.0,9.0,6.0,59.4
2015-11-06,68.0,62.0,10.0,3.0,49.7
2015-11-07,60.0,79.0,8.0,8.0,49.0
2015-11-08,62.0,56.0,10.0,5.0,45.7
2015-11-09,63.0,66.0,10.0,1.0,47.8
2015-11-10,67.0,82.0,10.0,4.0,53.3
2015-11-11,77.0,62.0,10.0,7.0,54.6
2015-11-12,64.0,36.0,10.0,6.0,42.8
2015-11-13,61.0,47.0,10.0,4.0,43.3
2015-11-14,60.0,66.0,10.0,3.0,46.5
2015-11-15,62.0,73.0,10.0,4.0,49.0
2015-11-16,70.0,92.0,8.0,7.0,56.5
2015-11-17,61.0,69.0,8.0,4.0,47.1
2015-11-18,58.0,64.0,10.0,2.0,45.0
2015-11-19,63.0,59.0,10.0,1.0,46.4
2015-11-20,65.0,67.0,10.0,4.0,49.3
2015-11-21,54.0,63.0,10.0,7.0,43.3
2015-11-22,47.0,56.0,10.0,2.0,37.9
2015-11-23,48.0,61.0,10.0,2.0,39.4
2015-11-24,56.0,74.0,10.0,3.0,46.1
2015-11-25,68.0,77.0,10.0,5.0,52.9
2015-11-26,71.0,91.0,8.0,7.0,56.8
2015-11-27,58.0,94.0,6.0,7.0,50.3
2015-11-28,42.0,91.0,9.0,7.0,42.6
2015-11-29,45.0,91.0,8.0,4.0,43.5
2015-11-30,50.0,86.0,10.0,2.0,45.4
2015-12-01,53.0,72.0,10.0,2.0,44.1
2015-12-02,55.0,65.0,10.0,3.0,43.8
2015-12-03,52.0,61.0,10.0,1.0,41.3
2015-12-04,50.0,66.0,10.0,2.0,41.4
2015-12-05,51.0,66.0,10.0,2.0,41.9
2015-12-06,57.0,71.0,10.0,2.0,45.9
2015-12-07,57.0,64.0,10.0,1.0,44.4
2015-12-08,59.0,70.0,10.0,3.0,46.8
2015-12-09,62.0,61.0,10.0,2.0,46.4
2015-12-10,65.0,78.0,8.0,4.0,50.9
2015-12-11,66.0,79.0,6.0,6.0,51.2
2015-12-12,73.0,85.0,9.0,9.0,57.1
2015-12-13,60.0,84.0,6.0,4.0,49.0
2015-12-14,59.0,57.0,10.0,3.0,44.2
2015-12-15,64.0,86.0,10.0,4.0,52.6
2015-12-16,55.0,40.0,10.0,8.0,39.3
2015-12-17,54.0,54.0,10.0,4.0,41.2
2015-12-18,46.0,55.0,10.0,3.0,37.3
2015-12-19,51.0,68.0,10.0,4.0,42.5
2015-12-20,59.0,89.0,10.0,5.0,50.8
2015-12-21,65.0,79.0,9.0,2.0,51.2
2015-12-22,64.0,69.0,10.0,5.0,49.3
2015-12-23,67.0,59.0,9.0,3.0,48.3
2015-12-24,63.0,81.0,9.0,1.0,50.5
2015-12-25,61.0,77.0,9.0,2.0,48.8
2015-12-26,74.0,85.0,9.0,10.0,57.7
2015-12-27,55.0,89.0,8.0,10.0,48.7
2015-12-28,41.0,75.0,10.0,8.0,39.3
2015-12-29,43.0,74.0,8.0,3.0,39.0
2015-12-30,49.0,80.0,7.0,4.0,43.0
2015-12-31,46.0,78.0,10.0,6.0,42.2
2016-01-01,46.0,60.0,-,8.0,38.8
2016-01-02,45.0,77.0,-,2.0,41.1
2016-01-03,52.0,70.0,10.0,3.0,43.3
2016-01-04,48.0,58.0,10.0,4.0,39.0
2016-01-05,46.0,68.0,10.0,3.0,39.9
2016-01-06,50.0,86.0,5.0,3.0,44.0
2016-01-07,61.0,71.0,5.0,2.0,46.4
2016-01-08,55.0,86.0,7.0,3.0,47.1
2016-01-09,48.0,59.0,10.0,9.0,39.7
2016-01-10,42.0,61.0,10.0,4.0,36.6
2016-01-11,45.0,59.0,10.0,1.0,37.4
2016-01-12,50.0,58.0,10.0,2.0,39.8
2016-01-13,52.0,68.0,10.0,2.0,42.8
2016-01-14,59.0,75.0,10.0,3.0,47.8
2016-01-15,59.0,58.0,10.0,3.0,44.4
2016-01-16,54.0,61.0,10.0,5.0,42.7
2016-01-17,45.0,65.0,10.0,3.0,38.8
2016-01-18,48.0,70.0,10.0,2.0,41.2
2016-01-19,56.0,78.0,7.0,4.0,46.1
2016-01-20,51.0,70.0,10.0,4.0,42.9
2016-01-21,54.0,66.0,6.0,7.0,42.7
2016-01-22,46.0,56.0,10.0,8.0,38.0
2016-01-23,44.0,61.0,10.0,3.0,37.5
2016-01-24,53.0,61.0,10.0,5.0,42.2
2016-01-25,66.0,66.0,10.0,4.0,49.6
2016-01-26,51.0,50.0,10.0,10.0,39.5
2016-01-27,48.0,47.0,10.0,5.0,36.9
2016-01-28,52.0,53.0,10.0,2.0,39.8
2016-01-29,57.0,53.0,10.0,4.0,42.5
2016-01-30,62.0,59.0,10.0,6.0,46.4
2016-01-31,72.0,55.0,10.0,5.0,50.5
2016-02-01,66.0,73.0,7.0,8.0,50.5
2016-02-02,62.0,28.0,10.0,6.0,40.2
2016-02-03,49.0,41.0,10.0,7.0,36.4
2016-02-04,47.0,49.0,10.0,3.0,36.6
2016-02-05,48.0,47.0,10.0,4.0,36.8
2016-02-06,51.0,51.0,10.0,7.0,39.4
2016-02-07,50.0,62.0,10.0,3.0,40.7
2016-02-08,56.0,37.0,10.0,8.0,39.2
2016-02-09,57.0,40.0,10.0,6.0,40.1
2016-02-10,56.0,54.0,10.0,3.0,42.1
2016-02-11,68.0,36.0,10.0,5.0,44.7
2016-02-12,63.0,60.0,10.0,3.0,46.8
2016-02-13,64.0,60.0,10.0,6.0,47.6
2016-02-14,66.0,71.0,10.0,6.0,50.8
2016-02-15,62.0,59.0,10.0,5.0,46.3
2016-02-16,63.0,49.0,10.0,4.0,44.7
2016-02-17,63.0,35.0,10.0,6.0,42.1
2016-02-18,67.0,68.0,10.0,9.0,51.0
2016-02-19,73.0,63.0,10.0,8.0,52.9
2016-02-20,71.0,76.0,10.0,6.0,54.3
2016-02-21,68.0,86.0,10.0,3.0,54.5
2016-02-22,65.0,74.0,10.0,4.0,50.7
2016-02-23,54.0,76.0,8.0,9.0,45.5
2016-02-24,54.0,49.0,10.0,7.0,40.5
2016-02-25,54.0,53.0,10.0,5.0,41.1
2016-02-26,53.0,42.0,10.0,3.0,38.2
2016-02-27,58.0,62.0,10.0,5.0,44.9
2016-02-28,67.0,72.0,10.0,7.0,51.6
2016-02-29,70.0,72.0,10.0,6.0,53.0
2016-03-01,70.0,62.0,10.0,8.0,51.2
2016-03-02,64.0,59.0,10.0,6.0,47.4
2016-03-03,73.0,53.0,10.0,7.0,50.8
2016-03-04,61.0,48.0,10.0,4.0,43.5
2016-03-05,68.0,66.0,10.0,6.0,50.8
2016-03-06,68.0,74.0,9.0,9.0,52.4
2016-03-07,70.0,76.0,9.0,11.0,54.0
2016-03-08,76.0,74.0,8.0,9.0,56.1
2016-03-09,65.0,92.0,6.0,8.0,53.5
2016-03-10,61.0,92.0,8.0,8.0,52.1
2016-03-11,65.0,87.0,7.0,3.0,52.3
2016-03-12,66.0,75.0,10.0,4.0,51.4
2016-03-13,71.0,59.0,8.0,4.0,50.1
2016-03-14,73.0,48.0,10.0,5.0,49.6
2016-03-15,80.0,59.0,7.0,6.0,54.5
2016-03-16,71.0,61.0,9.0,5.0,50.9
2016-03-17,73.0,76.0,6.0,4.0,53.9
2016-03-18,68.0,85.0,7.0,5.0,53.6
2016-03-19,55.0,52.0,10.0,11.0,42.0
2016-03-20,53.0,44.0,10.0,5.0,38.8
2016-03-21,52.0,57.0,10.0,4.0,40.8
2016-03-22,62.0,67.0,10.0,9.0,48.3
2016-03-23,74.0,71.0,10.0,9.0,55.1
2016-03-24,59.0,51.0,8.0,8.0,42.9
2016-03-25,57.0,60.0,10.0,4.0,43.9
2016-03-26,61.0,75.0,9.0,4.0,48.6
2016-03-27,65.0,70.0,8.0,5.0,49.4
2016-03-28,62.0,51.0,10.0,4.0,44.6
2016-03-29,64.0,76.0,5.0,6.0,49.3
2016-03-30,73.0,88.0,5.0,7.0,56.3
2016-03-31,76.0,59.0,7.0,5.0,52.4
2016-04-01,59.0,57.0,9.0,8.0,44.4
2016-04-02,60.0,50.0,10.0,5.0,43.5
2016-04-03,62.0,58.0,10.0,3.0,45.9
2016-04-04,68.0,48.0,10.0,4.0,47.0
2016-04-05,68.0,50.0,10.0,5.0,47.5
2016-04-06,69.0,56.0,10.0,6.0,49.3
2016-04-07,67.0,55.0,10.0,3.0,47.8
2016-04-08,68.0,51.0,10.0,4.0,47.6
2016-04-09,68.0,63.0,10.0,5.0,50.1
2016-04-10,72.0,75.0,10.0,8.0,54.8
2016-04-11,80.0,74.0,10.0,5.0,58.3
2016-04-12,68.0,83.0,8.0,7.0,53.7
2016-04-13,65.0,83.0,8.0,4.0,51.9
2016-04-14,66.0,75.0,6.0,4.0,50.2
2016-04-15,67.0,77.0,8.0,5.0,51.8
2016-04-16,70.0,92.0,7.0,8.0,56.3
2016-04-17,71.0,90.0,5.0,6.0,55.6
2016-04-18,69.0,87.0,6.0,4.0,54.1
2016-04-19,72.0,79.0,6.0,2.0,53.8
2016-04-20,71.0,72.0,9.0,4.0,53.0
2016-04-21,72.0,70.0,8.0,5.0,52.9
2016-04-22,72.0,63.0,10.0,4.0,52.0
2016-04-23,69.0,61.0,10.0,3.0,50.0
2016-04-24,71.0,79.0,10.0,6.0,54.9
2016-04-25,79.0,76.0,10.0,7.0,58.4
2016-04-26,79.0,77.0,8.0,9.0,58.2
2016-04-27,76.0,54.0,8.0,5.0,51.7
2016-04-28,75.0,71.0,8.0,7.0,54.8
2016-04-29,80.0,82.0,7.0,7.0,59.2
2016-04-30,76.0,73.0,8.0,4.0,55.4
2016-05-01,72.0,69.0,10.0,7.0,53.5
2016-05-02,64.0,68.0,10.0,7.0,49.3
2016-05-03,67.0,60.0,10.0,4.0,48.9
2016-05-04,71.0,57.0,10.0,5.0,50.4
2016-05-05,74.0,51.0,10.0,4.0,50.6
2016-05-06,71.0,60.0,10.0,3.0,50.8
2016-05-07,73.0,65.0,10.0,6.0,53.1
2016-05-08,70.0,88.0,10.0,8.0,56.4
2016-05-09,77.0,69.0,10.0,7.0,56.0
2016-05-10,79.0,75.0,6.0,8.0,57.1
2016-05-11,76.0,76.0,8.0,6.0,56.2
2016-05-12,76.0,78.0,9.0,4.0,56.7
2016-05-13,79.0,69.0,10.0,4.0,56.7
2016-05-14,72.0,87.0,6.0,2.0,55.4
2016-05-15,67.0,83.0,9.0,4.0,53.2
2016-05-16,74.0,84.0,6.0,5.0,56.1
2016-05-17,74.0,83.0,6.0,5.0,55.9
2016-05-18,71.0,77.0,10.0,7.0,54.6
2016-05-19,69.0,84.0,5.0,5.0,53.3
2016-05-20,73.0,74.0,9.0,3.0,54.3
2016-05-21,77.0,81.0,10.0,4.0,58.1
2016-05-22,80.0,82.0,10.0,5.0,59.9
2016-05-23,78.0,84.0,9.0,7.0,59.2
2016-05-24,81.0,76.0,10.0,8.0,59.5
2016-05-25,82.0,81.0,8.0,6.0,60.2
2016-05-26,79.0,76.0,8.0,7.0,57.8
2016-05-27,71.0,87.0,8.0,6.0,55.9
2016-05-28,78.0,79.0,6.0,5.0,57.1
2016-05-29,79.0,78.0,8.0,6.0,58.1
2016-05-30,78.0,67.0,8.0,5.0,55.3
2016-05-31,75.0,85.0,8.0,3.0,57.2
2016-06-01,78.0,75.0,6.0,2.0,56.0
2016-06-02,76.0,76.0,7.0,4.0,55.7
2016-06-03,75.0,74.0,6.0,3.0,54.4
2016-06-04,77.0,76.0,9.0,5.0,56.9
2016-06-05,78.0,66.0,10.0,6.0,55.8
2016-06-06,80.0,53.0,10.0,4.0,54.0
2016-06-07,81.0,64.0,10.0,2.0,56.5
2016-06-08,81.0,71.0,10.0,3.0,58.0
2016-06-09,82.0,73.0,10.0,5.0,59.1
2016-06-10,80.0,77.0,10.0,3.0,58.7
2016-06-11,85.0,72.0,9.0,6.0,60.2
2016-06-12,86.0,74.0,10.0,6.0,61.4
2016-06-13,85.0,76.0,10.0,5.0,61.2
2016-06-14,86.0,71.0,10.0,6.0,60.8
2016-06-15,87.0,66.0,8.0,7.0,59.8
2016-06-16,86.0,71.0,9.0,6.0,60.5
2016-06-17,87.0,70.0,10.0,6.0,61.1
2016-06-18,86.0,67.0,9.0,4.0,59.5
2016-06-19,86.0,67.0,10.0,4.0,59.8
2016-06-20,85.0,65.0,10.0,4.0,58.9
2016-06-21,86.0,66.0,10.0,4.0,59.6
2016-06-22,86.0,72.0,10.0,6.0,61.0
2016-06-23,85.0,70.0,10.0,6.0,60.1
2016-06-24,84.0,73.0,10.0,6.0,60.2
2016-06-25,83.0,81.0,10.0,5.0,61.2
2016-06-26,86.0,73.0,9.0,5.0,60.8
2016-06-27,86.0,65.0,10.0,2.0,59.2
2016-06-28,87.0,69.0,9.0,3.0,60.3
2016-06-29,84.0,66.0,10.0,2.0,58.4
2016-06-30,85.0,65.0,10.0,4.0,58.9
2016-07-01,85.0,70.0,10.0,5.0,60.0
2016-07-02,87.0,67.0,10.0,7.0,60.6
2016-07-03,88.0,67.0,10.0,8.0,61.2
2016-07-04,90.0,62.0,10.0,8.0,61.2
2016-07-05,89.0,65.0,9.0,8.0,61.0
2016-07-06,90.0,68.0,10.0,8.0,62.4
2016-07-07,89.0,64.0,10.0,9.0,61.2
2016-07-08,90.0,64.0,10.0,7.0,61.5
2016-07-09,89.0,65.0,10.0,7.0,61.2
2016-07-10,87.0,67.0,9.0,6.0,60.2
2016-07-11,90.0,60.0,10.0,9.0,60.9
2016-07-12,89.0,64.0,10.0,9.0,61.2
2016-07-13,91.0,64.0,10.0,8.0,62.1
2016-07-14,89.0,64.0,10.0,8.0,61.1
2016-07-15,90.0,62.0,10.0,7.0,61.1
2016-07-16,88.0,66.0,10.0,5.0,60.7
2016-07-17,88.0,63.0,10.0,7.0,60.3
2016-07-18,89.0,65.0,10.0,5.0,61.0
2016-07-19,89.0,64.0,10.0,5.0,60.8
2016-07-20,89.0,62.0,10.0,5.0,60.4
2016-07-21,89.0,60.0,10.0,4.0,59.9
2016-07-22,89.0,59.0,10.0,4.0,59.7
2016-07-23,90.0,60.0,10.0,6.0,60.6
2016-07-24,90.0,64.0,10.0,5.0,61.3
2016-07-25,89.0,66.0,9.0,3.0,60.7
2016-07-26,84.0,76.0,7.0,2.0,59.5
2016-07-27,83.0,78.0,6.0,3.0,59.2
2016-07-28,86.0,70.0,10.0,3.0,60.3
2016-07-29,85.0,67.0,10.0,4.0,59.3
2016-07-30,87.0,71.0,10.0,5.0,61.2
2016-07-31,88.0,66.0,-,6.0,60.8
2016-08-01,87.0,62.0,10.0,6.0,59.5
2016-08-02,87.0,67.0,10.0,5.0,60.4
2016-08-03,88.0,68.0,10.0,4.0,61.0
2016-08-04,88.0,65.0,10.0,5.0,60.5
2016-08-05,89.0,67.0,10.0,5.0,61.4
2016-08-06,89.0,63.0,10.0,4.0,60.5
2016-08-07,89.0,65.0,10.0,6.0,61.1
2016-08-08,89.0,65.0,10.0,5.0,61.0
2016-08-09,91.0,66.0,10.0,6.0,62.3
2016-08-10,92.0,64.0,10.0,5.0,62.3
2016-08-11,90.0,64.0,10.0,5.0,61.3
2016-08-12,92.0,63.0,10.0,5.0,62.1
2016-08-13,87.0,73.0,10.0,3.0,61.4
2016-08-14,78.0,90.0,7.0,3.0,59.4
2016-08-15,74.0,97.0,5.0,2.0,58.1
2016-08-16,77.0,90.0,6.0,3.0,58.6
2016-08-17,80.0,90.0,8.0,3.0,60.7
2016-08-18,81.0,84.0,9.0,2.0,60.2
2016-08-19,84.0,76.0,9.0,5.0,60.4
2016-08-20,78.0,87.0,8.0,4.0,59.2
2016-08-21,78.0,87.0,9.0,2.0,59.3
2016-08-22,83.0,75.0,9.0,4.0,59.6
2016-08-23,86.0,70.0,10.0,7.0,60.7
2016-08-24,85.0,72.0,10.0,6.0,60.5
2016-08-25,84.0,75.0,10.0,2.0,60.2
2016-08-26,84.0,73.0,10.0,3.0,59.9
2016-08-27,82.0,73.0,10.0,3.0,58.9
2016-08-28,83.0,72.0,9.0,3.0,58.9
2016-08-29,82.0,75.0,9.0,5.0,59.2
2016-08-30,83.0,73.0,10.0,4.0,59.5
2016-08-31,84.0,75.0,10.0,2.0,60.2
2016-09-01,86.0,70.0,10.0,4.0,60.4
2016-09-02,84.0,73.0,10.0,3.0,59.9
2016-09-03,83.0,73.0,9.0,3.0,59.1
2016-09-04,84.0,73.0,9.0,3.0,59.6
2016-09-05,84.0,77.0,10.0,5.0,60.9
2016-09-06,86.0,79.0,10.0,6.0,62.4
2016-09-07,87.0,75.0,10.0,6.0,62.1
2016-09-08,86.0,70.0,10.0,6.0,60.6
2016-09-09,86.0,72.0,10.0,6.0,61.0
2016-09-10,82.0,68.0,9.0,6.0,57.9
2016-09-11,81.0,64.0,10.0,2.0,56.5
2016-09-12,82.0,70.0,10.0,3.0,58.3
2016-09-13,84.0,73.0,10.0,3.0,59.9
2016-09-14,84.0,66.0,10.0,3.0,58.5
2016-09-15,83.0,70.0,10.0,3.0,58.8
2016-09-16,85.0,69.0,10.0,2.0,59.5
2016-09-17,85.0,67.0,10.0,1.0,59.0
2016-09-18,87.0,70.0,10.0,2.0,60.7
2016-09-19,88.0,68.0,10.0,3.0,60.9
2016-09-20,87.0,66.0,10.0,3.0,60.0
2016-09-21,86.0,62.0,10.0,2.0,58.6
2016-09-22,82.0,64.0,10.0,5.0,57.3
2016-09-23,85.0,73.0,9.0,5.0,60.3
2016-09-24,87.0,72.0,10.0,5.0,61.4
2016-09-25,79.0,83.0,9.0,4.0,59.2
2016-09-26,70.0,89.0,7.0,6.0,55.5
2016-09-27,74.0,71.0,10.0,3.0,54.5
2016-09-28,77.0,61.0,10.0,1.0,53.8
2016-09-29,75.0,61.0,10.0,5.0,53.2
2016-09-30,72.0,54.0,10.0,2.0,50.0
2016-10-01,70.0,65.0,10.0,1.0,51.1
2016-10-02,72.0,65.0,10.0,2.0,52.2
2016-10-03,75.0,66.0,10.0,3.0,54.0
2016-10-04,81.0,69.0,10.0,5.0,57.8
2016-10-05,84.0,72.0,10.0,5.0,59.9
2016-10-06,84.0,71.0,10.0,5.0,59.7
2016-10-07,76.0,74.0,10.0,5.0,56.3
2016-10-08,74.0,69.0,10.0,5.0,54.3
2016-10-09,71.0,49.0,10.0,4.0,48.7
2016-10-10,68.0,53.0,10.0,1.0,47.7
2016-10-11,71.0,57.0,10.0,1.0,50.0
2016-10-12,76.0,66.0,10.0,3.0,54.5
2016-10-13,79.0,73.0,10.0,2.0,57.3
2016-10-14,77.0,74.0,7.0,3.0,55.7
2016-10-15,81.0,70.0,10.0,4.0,57.9
2016-10-16,85.0,66.0,10.0,5.0,59.2
2016-10-17,84.0,69.0,10.0,6.0,59.4
2016-10-18,84.0,67.0,10.0,6.0,59.0
2016-10-19,84.0,71.0,10.0,5.0,59.7
2016-10-20,74.0,60.0,10.0,7.0,52.7
2016-10-21,65.0,50.0,10.0,3.0,45.8
2016-10-22,64.0,57.0,10.0,2.0,46.6
2016-10-23,70.0,63.0,10.0,3.0,50.9
2016-10-24,77.0,71.0,10.0,4.0,56.1
2016-10-25,77.0,72.0,8.0,3.0,55.6
2016-10-26,76.0,69.0,10.0,2.0,55.0
2016-10-27,76.0,68.0,10.0,3.0,54.9
2016-10-28,74.0,67.0,10.0,2.0,53.6
2016-10-29,75.0,68.0,10.0,2.0,54.3
2016-10-30,76.0,67.0,10.0,2.0,54.6
2016-10-31,73.0,72.0,8.0,3.0,53.6
2016-11-01,81.0,72.0,9.0,5.0,58.1
2016-11-02,81.0,78.0,9.0,6.0,59.4
2016-11-03,74.0,84.0,8.0,5.0,56.7
2016-11-04,71.0,89.0,9.0,4.0,56.4
2016-11-05,68.0,91.0,6.0,2.0,54.2
2016-11-06,68.0,85.0,10.0,2.0,54.2
2016-11-07,66.0,94.0,5.0,2.0,53.5
2016-11-08,66.0,92.0,8.0,4.0,54.2
2016-11-09,63.0,94.0,6.0,6.0,52.7
2016-11-10,64.0,72.0,10.0,3.0,49.7
2016-11-11,65.0,79.0,8.0,2.0,50.9
2016-11-12,67.0,72.0,8.0,4.0,50.7
2016-11-13,65.0,75.0,10.0,2.0,50.7
2016-11-14,69.0,74.0,6.0,2.0,51.3
2016-11-15,73.0,60.0,10.0,2.0,51.7
2016-11-16,71.0,58.0,10.0,3.0,50.4
2016-11-17,70.0,74.0,9.0,7.0,53.2
2016-11-18,66.0,62.0,10.0,7.0,49.1
2016-11-19,52.0,46.0,10.0,5.0,38.7
2016-11-20,51.0,55.0,10.0,2.0,39.7
2016-11-21,61.0,64.0,10.0,5.0,46.8
2016-11-22,69.0,83.0,9.0,5.0,54.3
2016-11-23,62.0,71.0,9.0,3.0,48.2
2016-11-24,61.0,70.0,10.0,1.0,47.6
2016-11-25,61.0,87.0,10.0,4.0,51.3
2016-11-26,62.0,69.0,10.0,2.0,48.0
2016-11-27,66.0,75.0,10.0,6.0,51.6
2016-11-28,65.0,53.0,10.0,6.0,46.7
2016-11-29,64.0,53.0,10.0,3.0,45.9
2016-11-30,55.0,45.0,10.0,4.0,39.9
2016-12-01,53.0,56.0,10.0,3.0,41.0
2016-12-02,58.0,77.0,10.0,4.0,47.8
2016-12-03,51.0,95.0,6.0,6.0,46.9
2016-12-04,51.0,88.0,8.0,6.0,46.1
2016-12-05,50.0,95.0,5.0,3.0,45.8
2016-12-06,51.0,84.0,8.0,4.0,45.1
2016-12-07,48.0,86.0,7.0,3.0,43.6
2016-12-08,44.0,68.0,10.0,10.0,39.6
2016-12-09,40.0,45.0,10.0,5.0,32.5
2016-12-10,44.0,75.0,8.0,3.0,39.7
2016-12-11,59.0,91.0,5.0,4.0,49.6
2016-12-12,57.0,73.0,10.0,3.0,46.4
2016-12-13,64.0,73.0,7.0,4.0,49.1
2016-12-14,50.0,78.0,10.0,4.0,44.0
2016-12-15,50.0,78.0,7.0,5.0,43.2
2016-12-16,59.0,82.0,8.0,5.0,48.8
2016-12-17,55.0,80.0,6.0,6.0,45.9
2016-12-18,32.0,48.0,10.0,12.0,29.8
2016-12-19,34.0,42.0,10.0,5.0,28.9
2016-12-20,47.0,40.0,10.0,2.0,34.7
2016-12-21,57.0,41.0,10.0,4.0,40.1
2016-12-22,59.0,48.0,10.0,4.0,42.5
2016-12-23,60.0,74.0,6.0,1.0,46.7
2016-12-24,72.0,85.0,9.0,7.0,56.4
2016-12-25,74.0,74.0,10.0,9.0,55.7
2016-12-26,77.0,74.0,10.0,4.0,56.7
2016-12-27,69.0,72.0,10.0,1.0,52.0
2016-12-28,73.0,72.0,9.0,3.0,53.9
2016-12-29,60.0,51.0,10.0,9.0,44.1
2016-12-30,52.0,38.0,10.0,4.0,37.0
2016-12-31,64.0,70.0,10.0,3.0,49.3
2017-01-01,63.0,74.0,8.0,2.0,48.9
2017-01-02,64.0,79.0,8.0,5.0,50.7
2017-01-03,60.0,52.0,10.0,4.0,43.8
2017-01-04,42.0,58.0,10.0,6.0,36.2
2017-01-05,49.0,64.0,10.0,4.0,40.7
2017-01-06,29.0,55.0,10.0,10.0,29.5
2017-01-07,32.0,48.0,10.0,4.0,29.0
2017-01-08,37.0,50.0,10.0,4.0,31.9
2017-01-09,57.0,69.0,10.0,5.0,45.8
2017-01-10,69.0,66.0,10.0,7.0,51.4
2017-01-11,70.0,72.0,10.0,8.0,53.2
2017-01-12,74.0,70.0,10.0,8.0,54.8
2017-01-13,67.0,74.0,8.0,7.0,51.4
2017-01-14,52.0,92.0,3.0,4.0,45.7
2017-01-15,62.0,87.0,4.0,5.0,50.1
2017-01-16,64.0,78.0,9.0,1.0,50.4
2017-01-17,54.0,86.0,7.0,6.0,46.9
2017-01-18,52.0,93.0,8.0,4.0,47.4
2017-01-19,62.0,79.0,10.0,3.0,50.1
2017-01-20,62.0,66.0,9.0,1.0,47.0
2017-01-21,65.0,62.0,7.0,6.0,47.6
2017-01-22,62.0,38.0,10.0,11.0,42.7
2017-01-23,61.0,44.0,10.0,4.0,42.7
2017-01-24,67.0,62.0,10.0,7.0,49.6
2017-01-25,59.0,53.0,10.0,7.0,43.8
2017-01-26,50.0,46.0,10.0,3.0,37.5
2017-01-27,48.0,48.0,10.0,5.0,37.1
2017-01-28,50.0,52.0,10.0,6.0,39.0
2017-01-29,55.0,44.0,10.0,6.0,39.9
2017-01-30,63.0,38.0,10.0,5.0,42.6
2017-01-31,61.0,44.0,10.0,4.0,42.7
2017-02-01,67.0,68.0,8.0,4.0,49.9
2017-02-02,55.0,52.0,10.0,7.0,41.6
2017-02-03,49.0,57.0,10.0,6.0,39.5
2017-02-04,49.0,77.0,4.0,1.0,41.2
2017-02-05,62.0,89.0,6.0,3.0,50.9
2017-02-06,73.0,76.0,9.0,5.0,54.9
2017-02-07,71.0,59.0,8.0,2.0,49.9
2017-02-08,69.0,49.0,10.0,5.0,47.8
2017-02-09,56.0,39.0,10.0,5.0,39.3
2017-02-10,65.0,70.0,10.0,3.0,49.8
2017-02-11,76.0,71.0,8.0,6.0,55.2
2017-02-12,73.0,73.0,9.0,5.0,54.3
2017-02-13,71.0,63.0,10.0,9.0,52.0
2017-02-14,57.0,80.0,8.0,9.0,47.8
2017-02-15,54.0,53.0,10.0,7.0,41.3
2017-02-16,55.0,54.0,10.0,3.0,41.6
2017-02-17,64.0,67.0,10.0,6.0,49.0
2017-02-18,74.0,58.0,10.0,6.0,52.2
2017-02-19,71.0,76.0,7.0,8.0,53.6
2017-02-20,64.0,80.0,8.0,4.0,50.8
2017-02-21,67.0,61.0,10.0,6.0,49.3
2017-02-22,69.0,48.0,10.0,3.0,47.4
2017-02-23,73.0,50.0,10.0,5.0,50.0
2017-02-24,67.0,31.0,10.0,6.0,43.3
2017-02-25,54.0,42.0,10.0,6.0,39.0
2017-02-26,57.0,77.0,10.0,3.0,47.2
2017-02-27,74.0,76.0,8.0,6.0,55.2
2017-02-28,75.0,79.0,7.0,7.0,56.1
2017-03-01,64.0,59.0,9.0,8.0,47.3
2017-03-02,58.0,30.0,10.0,5.0,38.5
2017-03-03,56.0,45.0,10.0,6.0,40.6
2017-03-04,57.0,72.0,6.0,4.0,45.1
2017-03-05,66.0,84.0,6.0,4.0,52.0
2017-03-06,76.0,76.0,10.0,9.0,57.1
2017-03-07,69.0,61.0,10.0,6.0,50.3
2017-03-08,68.0,56.0,10.0,4.0,48.6
2017-03-09,74.0,79.0,10.0,5.0,56.3
2017-03-10,73.0,70.0,10.0,2.0,53.7
2017-03-11,64.0,94.0,6.0,4.0,53.0
2017-03-12,55.0,85.0,9.0,7.0,47.9
2017-03-13,58.0,85.0,6.0,3.0,48.1
2017-03-14,57.0,46.0,10.0,3.0,41.0
2017-03-15,62.0,64.0,9.0,6.0,47.1
2017-03-16,69.0,78.0,7.0,6.0,52.8
2017-03-17,74.0,69.0,10.0,8.0,54.6
2017-03-18,75.0,72.0,10.0,4.0,55.3
2017-03-19,75.0,69.0,10.0,6.0,54.9
2017-03-20,75.0,63.0,10.0,7.0,53.8
2017-03-21,74.0,70.0,10.0,8.0,54.8
2017-03-22,76.0,67.0,10.0,7.0,55.1
2017-03-23,75.0,56.0,10.0,10.0,52.7
2017-03-24,72.0,68.0,8.0,6.0,52.6
2017-03-25,69.0,48.0,10.0,4.0,47.5
2017-03-26,75.0,67.0,8.0,8.0,54.1
2017-03-27,78.0,73.0,9.0,5.0,56.8
2017-03-28,78.0,67.0,8.0,10.0,55.8
2017-03-29,72.0,62.0,8.0,5.0,51.3
2017-03-30,68.0,50.0,10.0,4.0,47.4
2017-03-31,71.0,56.0,10.0,6.0,50.3
2017-04-01,71.0,79.0,10.0,8.0,55.1
2017-04-02,67.0,74.0,7.0,6.0,51.0
2017-04-03,70.0,58.0,10.0,2.0,49.8
2017-04-04,75.0,52.0,10.0,5.0,51.4
2017-04-05,64.0,45.0,10.0,8.0,44.8
2017-04-06,64.0,52.0,10.0,3.0,45.7
2017-04-07,67.0,55.0,10.0,4.0,47.9
2017-04-08,69.0,72.0,10.0,7.0,52.6
2017-04-09,74.0,73.0,10.0,8.0,55.4
2017-04-10,76.0,82.0,8.0,7.0,57.5
2017-04-11,67.0,94.0,8.0,4.0,55.1
2017-04-12,70.0,79.0,10.0,4.0,54.2
2017-04-13,75.0,77.0,9.0,6.0,56.2
2017-04-14,75.0,69.0,10.0,5.0,54.8
2017-04-15,76.0,71.0,10.0,7.0,55.9
2017-04-16,77.0,73.0,10.0,6.0,56.7
2017-04-17,72.0,80.0,10.0,5.0,55.5
2017-04-18,72.0,73.0,10.0,4.0,54.0
2017-04-19,77.0,71.0,10.0,6.0,56.3
2017-04-20,79.0,73.0,10.0,6.0,57.7
2017-04-21,80.0,66.0,10.0,7.0,56.9
2017-04-22,65.0,69.0,10.0,7.0,50.0
2017-04-23,64.0,50.0,10.0,5.0,45.5
2017-04-24,65.0,61.0,10.0,4.0,48.1
2017-04-25,76.0,73.0,10.0,7.0,56.3
2017-04-26,77.0,51.0,10.0,8.0,52.5
2017-04-27,70.0,58.0,10.0,7.0,50.3
2017-04-28,83.0,64.0,9.0,9.0,57.9
2017-04-29,79.0,64.0,7.0,9.0,55.3
2017-04-30,65.0,43.0,10.0,6.0,44.7
2017-05-01,71.0,50.0,10.0,6.0,49.1
2017-05-02,77.0,57.0,10.0,7.0,53.6
2017-05-03,80.0,66.0,9.0,8.0,56.7
2017-05-04,70.0,43.0,10.0,8.0,47.4
2017-05-05,71.0,44.0,10.0,4.0,47.7
2017-05-06,73.0,52.0,10.0,4.0,50.3
2017-05-07,75.0,56.0,10.0,6.0,52.3
2017-05-08,74.0,66.0,10.0,8.0,54.0
2017-05-09,71.0,86.0,9.0,6.0,56.0
2017-05-10,77.0,76.0,9.0,7.0,57.1
2017-05-11,80.0,73.0,7.0,3.0,57.0
2017-05-12,76.0,61.0,9.0,7.0,53.6
2017-05-13,74.0,54.0,10.0,3.0,51.1
2017-05-14,78.0,63.0,10.0,5.0,55.1
2017-05-15,80.0,67.0,10.0,7.0,57.1
2017-05-16,78.0,74.0,10.0,9.0,57.7
2017-05-17,80.0,67.0,8.0,5.0,56.3
2017-05-18,84.0,72.0,8.0,10.0,59.8
2017-05-19,85.0,64.0,10.0,9.0,59.2
2017-05-20,75.0,77.0,9.0,4.0,56.0
2017-05-21,70.0,74.0,8.0,6.0,52.8
2017-05-22,69.0,81.0,10.0,4.0,54.1
2017-05-23,72.0,73.0,8.0,5.0,53.5
2017-05-24,72.0,54.0,10.0,5.0,50.3
2017-05-25,78.0,55.0,10.0,7.0,53.7
2017-05-26,84.0,70.0,10.0,6.0,59.6
2017-05-27,87.0,71.0,6.0,7.0,60.2
2017-05-28,80.0,73.0,9.0,4.0,57.7
2017-05-29,78.0,70.0,10.0,2.0,56.2
2017-05-30,78.0,68.0,10.0,2.0,55.8
2017-05-31,77.0,74.0,10.0,2.0,56.5
2017-06-01,78.0,75.0,10.0,4.0,57.4
2017-06-02,83.0,70.0,10.0,5.0,59.0
2017-06-03,82.0,69.0,10.0,4.0,58.2
2017-06-04,80.0,76.0,9.0,1.0,58.0
2017-06-05,78.0,72.0,9.0,3.0,56.4
2017-06-06,81.0,67.0,10.0,5.0,57.4
2017-06-07,83.0,55.0,10.0,3.0,55.8
2017-06-08,83.0,60.0,10.0,4.0,56.9
2017-06-09,82.0,69.0,10.0,6.0,58.4
2017-06-10,82.0,62.0,10.0,6.0,57.0
2017-06-11,83.0,62.0,10.0,7.0,57.6
2017-06-12,85.0,62.0,10.0,7.0,58.6
2017-06-13,87.0,63.0,10.0,7.0,59.8
2017-06-14,87.0,63.0,10.0,8.0,59.9
2017-06-15,88.0,65.0,10.0,7.0,60.7
2017-06-16,88.0,60.0,10.0,7.0,59.7
2017-06-17,89.0,61.0,10.0,8.0,60.5
2017-06-18,89.0,60.0,10.0,7.0,60.2
2017-06-19,84.0,72.0,10.0,4.0,59.8
2017-06-20,87.0,60.0,10.0,5.0,59.0
2017-06-21,86.0,54.0,10.0,6.0,57.4
2017-06-22,88.0,54.0,10.0,5.0,58.3
2017-06-23,91.0,63.0,10.0,7.0,61.8
2017-06-24,79.0,70.0,8.0,5.0,56.4
2017-06-25,83.0,67.0,10.0,5.0,58.4
2017-06-26,82.0,74.0,8.0,2.0,58.4
2017-06-27,81.0,75.0,7.0,3.0,57.9
2017-06-28,82.0,70.0,10.0,4.0,58.4
2017-06-29,87.0,68.0,10.0,6.0,60.7
2017-06-30,89.0,64.0,10.0,8.0,61.1
2017-07-01,89.0,62.0,9.0,7.0,60.3
2017-07-02,89.0,63.0,10.0,6.0,60.7
2017-07-03,88.0,62.0,10.0,7.0,60.1
2017-07-04,90.0,60.0,10.0,7.0,60.7
2017-07-05,89.0,58.0,10.0,6.0,59.7
2017-07-06,89.0,60.0,10.0,4.0,59.9
2017-07-07,87.0,61.0,10.0,3.0,59.0
2017-07-08,88.0,59.0,10.0,3.0,59.1
2017-07-09,89.0,56.0,10.0,4.0,59.1
2017-07-10,88.0,57.0,10.0,5.0,58.9
2017-07-11,89.0,58.0,10.0,7.0,59.8
2017-07-12,89.0,59.0,10.0,6.0,59.9
2017-07-13,90.0,59.0,10.0,3.0,60.1
2017-07-14,89.0,58.0,10.0,4.0,59.5
2017-07-15,87.0,65.0,9.0,3.0,59.5
2017-07-16,84.0,67.0,9.0,3.0,58.4
2017-07-17,88.0,63.0,10.0,3.0,59.9
2017-07-18,88.0,61.0,10.0,5.0,59.7
2017-07-19,89.0,60.0,10.0,5.0,60.0
2017-07-20,90.0,56.0,10.0,5.0,59.7
2017-07-21,91.0,56.0,10.0,5.0,60.2
2017-07-22,90.0,58.0,10.0,6.0,60.2
2017-07-23,90.0,58.0,10.0,4.0,60.0
2017-07-24,89.0,60.0,10.0,3.0,59.8
2017-07-25,91.0,61.0,10.0,7.0,61.4
2017-07-26,91.0,58.0,10.0,6.0,60.7
2017-07-27,89.0,54.0,10.0,5.0,58.8
2017-07-28,91.0,54.0,10.0,5.0,59.8
2017-07-29,92.0,51.0,10.0,4.0,59.6
2017-07-30,93.0,48.0,10.0,4.0,59.5
2017-07-31,88.0,43.0,10.0,4.0,56.0
